2580 9.36
3300 23.2
4019 23.14
4738 17.06
5457 -8.75
6177 -32.86
6897 -52.99
7617 -65.82
8337 -84.72
9057 -63.62
9777 -22.99
10497 2.98
11216 26.6
11935 50.76
12654 68.26
13374 71.31
14093 50.54
14812 30.38
15532 13.59
16252 13.43
16971 6.91
17691 6.97
18410 9.9
19129 9.14
19848 7.25
20567 8.45
21286 13.12
22005 16.23
22725 14.73
23445 13.52
24165 11.59
24885 10.03
25605 8.95
26325 9.87
27045 7.5
27765 5.7
28485 6.39
29205 6.95
29925 6.42
30645 16.58
31365 13.24
32085 13.86
32805 12.12
33525 8.55
34245 7.23
34965 15.44
35685 4
36405 2.74
37125 -3.3
37845 -13.47
38565 -5.77
39285 -7.98
40004 -22
40724 -17.62
41443 -22.44
42163 -10.28
42883 10.44
43602 16.86
44322 14.47
45041 30.04
45762 48.52
46483 69.48
47203 27.31
47923 -30.35
48643 0.56
49363 17.51
50084 24
50805 -21.03
51526 41.54
52246 45.67
52967 15.9
53687 24.32
54408 -34.76
55129 -17.27
55849 29.8
56570 22.32
57291 1.41
58011 21.56
58732 22.86
59453 19.59
60174 22.95
60895 19.83
61616 14.5
62337 18.31
63058 8.73
63778 19.22
64499 -10.6
65220 -70.87
65941 -23.49
66662 9.25
67382 -47.19
68103 -18.46
68824 46.91
69545 40.46