2580 14.83
3300 18.73
4019 15.75
4738 -11.11
5457 -33.84
6177 -71.14
6897 -91.38
7617 -90.3
8337 -77.12
9057 -33.99
9777 -0.77
10497 2.66
11216 21.28
11935 48.2
12654 68.98
13374 47.57
14093 1.99
14812 -15.76
15532 -31.79
16252 -26.62
16971 -35.8
17691 -22.38
18410 -17.98
19129 -16.27
19848 -17.43
20567 -12.52
21286 -17.41
22005 -26
22725 -25.65
23445 -26.07
24165 -29.41
24885 -19.99
25605 -16.74
26325 -12.62
27045 -7.96
27765 -3.33
28485 -14.89
29205 -26.08
29925 -18.04
30645 -27.4
31365 -26.71
32085 -31
32805 -44.46
33525 -47.64
34245 -44.14
34965 -49.78
35685 -28.82
36405 -42.25
37125 -62.87
37845 -69.53
38565 -52.43
39285 -58.57
40004 -59.62
40724 -31.17
41443 18.89
42163 43.9
42883 54.43
43602 68.24
44322 65.91
45041 124.55
45762 165.55
46483 83.17
47203 26.63
47923 3.49
48643 58.13
49363 107.32
50084 -12.74
50805 -60.37
51526 54.43
52246 83.45
52967 -41.78
53687 -118.35
54408 -128.38
55129 -59.01
55849 -43.89
56570 -103.86
57291 -127.44
58011 -110.67
58732 -124.36
59453 -119.8
60174 -114.62
60895 -127.9
61616 -111.06
62337 -116.47
63058 -143.21
63778 -53.45
64499 -103.37
65220 20.97
65941 -29.68
66662 -165.14
67382 -213.77
68103 -140.33
68824 -157.47
69545 -165.99
