2580 -23.22
3300 -24.21
4019 -24.61
4738 -24.41
5457 -26.85
6177 -26.38
6897 -24.29
7617 -31.8
8337 -34.01
9057 -45.17
9777 -50.46
10497 -53.36
11216 -55.91
11935 -59.63
12654 -62.45
13374 -66.47
14093 -76.68
14812 -84.8
15532 -92.52
16252 -81.03
16971 -65.58
17691 -61.26
18410 -57.92
19129 -59.27
19848 -63.73
20567 -79.21
21286 -94.55
22005 -108.15
22725 -111.4
23445 -123.4
24165 -142.43
24885 -166.76
25605 -177.41
26325 -185.4
27045 -182
27765 -160.81
28485 -136.48
29205 -121.91
29925 -125.04
30645 -131.87
31365 -136.61
32085 -129.56
32805 -129.59
33525 -131.93
34245 -137.19
34965 -138.7
35685 -137.79
36405 -151.29
37125 -134.05
37845 -123.09
38565 -129.45
39285 -126.73
40004 -126.2
40724 -112.48
41443 -119.8
42163 -119.91
42883 -121.87
43602 -124.75
44322 -112.77
45041 -151.41
45762 -179.29
46483 -197.15
47203 -205.08
47923 -189.08
48643 -245.5
49363 -328.97
50084 -327.53
50805 -273.99
51526 -222.79
52246 -251.4
52967 -271.6
53687 -244.53
54408 -238.11
55129 -293.65
55849 -344.22
56570 -312.75
57291 -305.62
58011 -310.63
58732 -301.55
59453 -302.96
60174 -300.96
60895 -301.18
61616 -297.19
62337 -344.35
63058 -311.59
63778 -380.41
64499 -286.38
65220 -205.38
65941 -279.39
66662 -379.13
67382 -541.91
68103 -377.26
68824 -400.65
69545 -399.27
