2580 -15.59
3300 -8.36
4019 -8.48
4738 -5.94
5457 -3.4
6177 -3.98
6897 -2.21
7617 1.55
8337 17.45
9057 3.71
9777 -4.34
10497 -3.47
11216 -2.51
11935 1.71
12654 15.59
13374 24.43
14093 0.31
14812 -1.52
15532 -3.89
16252 8.41
16971 23.22
17691 36.94
18410 47.79
19129 50.03
19848 48.35
20567 40.35
21286 22.69
22005 4.36
22725 0.84
23445 -5.39
24165 -19.93
24885 -37.27
25605 -59.08
26325 -70.99
27045 -71.75
27765 -60.11
28485 -40.4
29205 -16.64
29925 -5.02
30645 -6.02
31365 -6.47
32085 -6.1
32805 -3.73
33525 -10.33
34245 -11.23
34965 -10.02
35685 -5.13
36405 -7.55
37125 -7.46
37845 -2.24
38565 -1.07
39285 0.13
40004 -4.08
40724 1.51
41443 -5.98
42163 -1.02
42883 1.91
43602 -4.59
44322 -4.62
45041 -32.72
45762 -87.2
46483 -92.32
47203 -38.25
47923 -23.43
48643 7.09
49363 -96.04
50084 -105.68
50805 -57.47
51526 4.42
52246 -60
52967 -98.31
53687 -37.65
54408 -27.13
55129 -1.77
55849 -64.46
56570 -53
57291 -20.12
58011 -22.06
58732 -15.28
59453 -10.84
60174 -13.46
60895 -12.06
61616 -13.76
62337 -24.13
63058 7.43
63778 -137.22
64499 23.18
65220 -110.63
65941 -90
66662 -24.4
67382 -70.73
68103 -57.48
68824 -37.37
69545 -1.81