2580 -81.71
3300 -84.96
4019 -87.24
4738 -85.89
5457 -93.9
6177 -98.46
6897 -80.66
7617 -86.24
8337 -85.05
9057 -88.9
9777 -81.98
10497 -70.31
11216 -64.18
11935 -61.05
12654 -57.06
13374 -56.07
14093 -60.37
14812 -70.05
15532 -75.27
16252 -65.09
16971 -61.66
17691 -74.22
18410 -76.25
19129 -80.41
19848 -81.71
20567 -85.67
21286 -87.41
22005 -91.09
22725 -89.15
23445 -93.71
24165 -94.06
24885 -88.99
25605 -86.2
26325 -83.33
27045 -80.69
27765 -86.89
28485 -90.95
29205 -91.26
29925 -93.28
30645 -87.46
31365 -98.65
32085 -146.79
32805 -177.65
33525 -191.56
34245 -190.19
34965 -174.87
35685 -122.93
36405 -111.37
37125 -90.26
37845 -46.86
38565 -11.65
39285 9.04
40004 18.08
40724 11.2
41443 -53.1
42163 -93.47
42883 -117.01
43602 -72.65
44322 -83.02
45041 -108.3
45762 -113.23
46483 -106.34
47203 -142.74
47923 -177.66
48643 -223.97
49363 -248.09
50084 -277.2
50805 -306.29
51526 -315.17
52246 -409.38
52967 -397.8
53687 -369.44
54408 -393.12
55129 -448.67
55849 -438.91
56570 -438.72
57291 -431.52
58011 -431.79
58732 -436.34
59453 -444.87
60174 -454.98
60895 -455.09
61616 -494.25
62337 -537.54
63058 -495.93
63778 -513.8
64499 -391.05
65220 -439.59
65941 -277.01
66662 -395.62
67382 -406.45
68103 -416.19
68824 -386.8
69545 -414.65